0.3452271214393099 0.08293935367314031
0.37974983358324094 0.09768684707458042
0.41772481694156516 0.1155150407149127
0.45949729863572164 0.13337003901656785
0.5054470284992938 0.1545608634550233
0.5559917313492232 0.17838445791782476
0.6115909044841457 0.20383163931300274
0.6727499949325604 0.2310898603588234
0.7400249944258165 0.26067607147966676
0.8140274938683976 0.29577103422351736
0.8954302432552375 0.3344950562191338
0.9849732675807624 0.37447498971528237
1.0834705943388385 0.4123328690561997
1.1918176537727219 0.45201352048305954
1.3109994191499945 0.49100805912848733
1.4420993610649941 0.5302024770795515
1.586309297171494 0.5682079805907947
1.744940226888643 0.60340229381394
1.9194342495775076 0.6398421144169144
2.111377674535258 0.674915845658623
2.322515441988783 0.707187763811872
2.5547669861876616 0.7288520908435518
2.81024368480643 0.7440506260805885
3.091268053287072 0.7545399676347877
3.4003948586157784 0.7617158963249799
3.740434344477359 0.7672464659281449
4.114477778925096 0.7698768750924264
4.5259255568176044 0.770108753149593
4.97851811249936 0.7701086781198236
5.4763699237492975 0.7695199865627819
6.0240069161242324 0.7694756275153496
6.626407607736653 0.7677272480603593
7.289048368510317 0.7653894417932376
8.017953205361346 0.7617932322553504
8.819748525897479 0.7571573185151562
9.701723378487234 0.7511103652709914
10.671895716335953 0.7443492487227606
11.739085287969557 0.7369850834648791
12.912993816766496 0.7279806864386128
14.204293198443171 0.7176392096085498
15.624722518287484 0.7076583776500506
17.187194770116246 0.6953467245164044
18.905914247127864 0.6808653947511144
20.796505671840688 0.6655953407272215
22.87615623902475 0.6485346798350431
25.16377186292719 0.6298000127435717
27.680149049219903 0.6104475693113318
30.448163954141947 0.5895570561990264
33.49298034955616 0.5670369639451432
36.84227838451174 0.5440007304038796
40.52650622296294 0.5167138696479949
44.57915684525926 0.48939460959031417
49.03707252978518 0.4595618745551008
53.94077978276363 0.4248813429931042
59.33485776104009 0.3896885499354803
65.26834353714415 0.3545932907946523
71.79517789085861 0.31878607901626
78.97469567994438 0.2871163127732447
86.87216524793888 0.2532566069418706
95.55938177273283 0.21956768885948874
105.1153199500062 0.18827363489399196
115.62685194500644 0.15805480970713193
127.18953713950717 0.13273760384506494
139.90849085345798 0.10777225720433603
153.8993399388039 0.08624835299672962
169.28927393268407 0.06633216573354794
186.21820132595204 0.05022094838712721
204.8400214585472 0.0370797603926134
225.3240236044023 0.026564195787198597
247.8564259648422 0.01834984069732415
